80
0,circle,255,230,1060,789,255,204,0,5,true
1,circle,598,722,747,840,255,204,0,5,true
2,circle,599,687,745,843,0,0,0,12,false
3,rectangle,544,622,769,743,255,204,0,5,true
4,circle,497,655,661,745,0,0,0,12,false
5,circle,664,653,826,741,0,0,0,12,false
6,rectangle,455,623,663,695,255,204,0,5,true
7,rectangle,661,632,845,696,255,204,0,5,true
8,line,663,695,661,650,0,0,0,12,false
9,line,661,647,594,580,0,0,0,5,false
10,line,659,646,742,574,0,0,0,5,false
11,line,742,574,595,578,0,0,0,5,false
12,line,450,268,285,124,255,204,0,5,false
13,line,286,122,305,377,255,204,0,5,false
14,line,890,279,1000,97,255,204,0,5,false
15,line,1000,97,1006,389,255,204,0,5,false
16,line,850,616,1159,661,0,0,0,10,false
17,circle,410,339,586,512,255,255,0,5,true
18,circle,487,412,571,494,51,204,0,5,true
19,circle,728,328,923,521,255,255,0,5,true
20,line,456,584,103,511,0,0,0,10,false
21,line,455,595,94,602,0,0,0,10,false
22,line,454,619,118,690,0,0,0,10,false
23,line,843,575,1195,527,0,0,0,10,false
24,line,847,590,1187,589,0,0,0,10,false
25,circle,740,408,817,484,51,204,0,5,true
26,line,310,366,294,139,255,204,0,12,false
27,line,319,362,304,148,255,204,0,12,false
28,line,325,351,311,157,255,204,0,12,false
29,line,333,341,321,163,255,204,0,12,false
30,line,343,333,327,172,255,204,0,12,false
31,line,352,327,334,176,255,204,0,12,false
32,line,364,320,337,182,255,204,0,12,false
33,line,359,330,340,220,255,204,0,12,false
34,line,372,315,342,184,255,204,0,12,false
35,line,379,307,346,187,255,204,0,12,false
36,line,389,308,348,190,255,204,0,12,false
37,line,399,296,351,190,255,204,0,12,false
38,line,389,303,369,247,255,204,0,12,false
39,line,360,199,360,199,255,204,0,12,false
40,line,360,199,360,199,255,204,0,12,false
41,line,403,291,361,199,255,204,0,12,false
42,line,409,296,369,206,255,204,0,12,false
43,line,418,286,373,212,255,204,0,12,false
44,line,427,287,378,214,255,204,0,12,false
45,line,435,278,385,218,255,204,0,12,false
46,line,442,273,400,231,255,204,0,12,false
47,line,448,274,414,248,255,204,0,12,false
48,line,897,285,997,113,255,204,0,12,false
49,line,893,282,919,250,255,204,0,12,false
50,line,906,284,994,124,255,204,0,12,false
51,line,910,292,992,133,255,204,0,12,false
52,line,916,294,995,137,255,204,0,12,false
53,line,921,299,994,151,255,204,0,12,false
54,line,929,301,997,158,255,204,0,12,false
55,line,933,306,997,169,255,204,0,12,false
56,line,938,308,994,185,255,204,0,12,false
57,line,944,310,997,196,255,204,0,12,false
58,line,951,315,997,211,255,204,0,12,false
59,line,956,321,995,223,255,204,0,12,false
60,line,960,326,997,226,255,204,0,12,false
61,line,964,333,997,238,255,204,0,12,false
62,line,972,338,996,251,255,204,0,12,false
63,line,979,342,998,260,255,204,0,12,false
64,line,1001,365,1000,274,255,204,0,12,false
65,line,994,354,996,305,255,204,0,12,false
66,line,984,351,988,298,255,204,0,12,false
67,line,633,592,690,591,255,204,204,12,false
68,line,691,598,636,599,255,204,204,12,false
69,line,601,583,655,631,255,204,204,12,false
70,line,606,580,724,584,255,204,204,12,false
71,line,718,589,660,632,255,204,204,12,false
72,line,614,592,721,581,255,204,204,12,false
73,line,692,602,654,620,255,204,204,12,false
74,line,639,609,683,601,255,204,204,12,false
75,line,707,592,655,620,255,204,204,12,false
76,line,661,642,594,580,0,0,0,5,false
77,line,592,576,736,574,0,0,0,5,false
78,line,737,574,661,641,0,0,0,5,false
79,line,661,641,736,580,0,0,0,5,false
80,line,589,576,736,574,0,0,0,5,false
